$ 1 0.000005 5.934295036739208 58 5 43
f 48 176 128 176 33 1.5 0.02
t -96 240 -32 240 0 1 0.5725968049525562 0.6011304825951286 100
w -32 224 -32 176 0
w -32 176 48 176 0
r -32 176 -32 112 0 10000
w -32 112 128 112 0
w 128 112 128 160 0
w 128 48 128 112 0
g -32 256 -32 304 0
r -96 240 -176 240 0 3300
R -176 -16 -176 -80 0 0 40 2 0 0 0.5
w -176 144 -176 240 0
w 128 208 128 192 0
w 128 240 176 240 0
w 128 240 128 208 0
R -336 224 -400 224 1 2 5000 1 1 0 0.4
s -384 256 -336 256 0 0 false
w -224 128 -224 144 0
178 576 96 688 96 0 1 0.2 2.1343523924104098e-7 0.05 1000000 0.02 20
w 576 128 544 128 0
f 480 112 544 112 33 1.5 0.02
t 448 128 480 128 0 1 -4.080629805600161 0.11937009239983772 100
r 480 112 480 64 0 10000
r 448 128 416 128 0 10000
g 480 144 480 192 0
g 576 144 576 192 0
w 544 48 544 96 0
w 544 48 480 48 0
w 480 48 480 64 0
w 480 272 480 288 0
w 544 272 480 272 0
w 544 272 544 320 0
g 576 368 576 416 0
g 480 368 480 416 0
r 448 352 416 352 0 10000
r 480 336 480 288 0 10000
t 448 352 480 352 0 1 -4.080629805600162 0.11937009239983773 100
f 480 336 544 336 33 1.5 0.02
w 576 352 544 352 0
178 576 320 688 320 0 1 0.2 2.1343523924104098e-7 0.05 1000000 0.02 20
w 176 240 176 -64 0
w 176 -64 688 -64 0
w 688 -64 688 80 0
w 688 80 752 80 0
w 688 336 784 336 0
w 784 336 784 112 0
w 576 96 576 -48 0
w 576 320 576 224 0
162 320 144 320 192 2 default-led 0 0 1 0.01
162 320 192 320 224 2 default-led 0 0 1 0.01
w 320 224 352 224 0
w 352 224 576 224 0
w 320 -48 352 -48 0
w 352 -48 576 -48 0
w 544 240 544 272 0
w 320 80 320 -48 0
w 752 304 688 304 0
162 352 224 352 192 2 default-led 0 0 1 0.01
162 352 192 352 144 2 default-led 0 0 1 0.01
w 352 80 352 -48 0
w 384 368 384 352 0
w 384 352 416 352 0
s 256 368 320 368 0 1 false
w 320 368 384 368 0
w 384 128 416 128 0
w 384 352 384 128 0
w 752 304 752 112 0
w 752 112 688 112 0
g 688 304 688 256 0
w 752 80 784 80 0
w 784 80 784 112 0
R -16 -16 -96 -16 0 0 40 4.2 0 0 0.5
370 -16 -16 48 -16 1 0
w 48 -16 128 -16 0
w 128 -16 128 48 0
w 128 -16 256 -16 0
w 480 -16 256 -16 0
w 480 -16 480 48 0
w 544 240 256 240 0
w 256 240 256 -16 0
w 320 80 320 144 0
w 352 80 352 144 0
150 -336 240 -176 240 0 2 2 2
w -384 256 -448 256 0
370 -176 -16 -176 48 1 0
w -176 48 -448 48 0
w -448 48 -448 256 0
w -448 256 -448 352 0
w -448 352 -448 368 0
w -448 368 112 368 0
w 256 368 112 368 0
o 53 64 0 4099 5 0.025 0 2 53 3
o 51 64 0 4099 0.009765625 0.025 1 2 51 3
o 72 64 0 4099 5 0.2 2 2 72 3
