$ 1 0.000005 5.934295036739208 58 5 43
f 48 176 128 176 33 1.5 0.02
t -96 240 -32 240 0 1 -4.19999999767 3.2999999995789676e-10 100
w -32 224 -32 176 0
w -32 176 48 176 0
r -32 176 -32 112 0 10000
w -32 112 128 112 0
w 128 112 128 160 0
w 128 48 128 112 0
g -32 256 -32 304 0
r -96 240 -176 240 0 3300
R -176 -16 -176 -80 0 0 40 2 0 0 0.5
w -176 144 -176 240 0
w 128 208 128 192 0
w 128 240 176 240 0
w 128 240 128 208 0
R -336 224 -400 224 1 2 5000 1 1 0 0.4
s -384 256 -336 256 0 0 false
w -224 128 -224 144 0
178 576 96 688 96 0 1 0.2 0.12789596342736875 0.05 1000000 0.02 20
w 576 128 544 128 0
t 448 128 480 128 0 1 -0.9210403656176488 0.721040365828319 100
r 448 128 416 128 0 1000
g 480 144 480 192 0
w 544 48 480 48 0
w 480 272 480 288 0
w 544 272 544 320 0
g 480 368 480 416 0
r 448 352 416 352 0 1000
t 448 352 480 352 0 1 -0.9210403656265265 0.7210403658283191 100
w 576 352 544 352 0
178 576 320 688 320 0 1 0.2 0.12789596342736875 0.05 1000000 0.02 20
w 176 240 176 -64 0
w 176 -64 688 -64 0
w 688 -64 688 80 0
w 688 80 752 80 0
w 688 336 784 336 0
w 784 336 784 112 0
w 576 96 576 -48 0
w 576 320 576 224 0
162 320 144 320 192 2 default-led 0 0 1 0.01
162 320 192 320 224 2 default-led 0 0 1 0.01
w 320 224 352 224 0
w 352 224 576 224 0
w 320 -48 352 -48 0
w 352 -48 576 -48 0
w 544 240 544 272 0
w 320 80 320 -48 0
w 752 304 688 304 0
162 352 224 352 192 2 default-led 0 0 1 0.01
162 352 192 352 144 2 default-led 0 0 1 0.01
w 352 80 352 -48 0
w 384 368 384 352 0
w 384 352 416 352 0
s 256 368 320 368 0 0 false
w 320 368 384 368 0
w 384 128 416 128 0
w 384 352 384 128 0
w 752 304 752 112 0
w 752 112 688 112 0
g 688 304 688 256 0
w 752 80 784 80 0
w 784 80 784 112 0
R -16 -16 -96 -16 0 0 40 4.2 0 0 0.5
370 -16 -16 48 -16 1 0
w 48 -16 128 -16 0
w 128 -16 128 48 0
w 128 -16 256 -16 0
w 480 -16 256 -16 0
w 480 -16 480 48 0
w 544 240 256 240 0
w 256 240 256 -16 0
w 320 80 320 144 0
w 352 80 352 144 0
150 -336 240 -176 240 0 2 0 2
w -384 256 -448 256 0
370 -176 -16 -176 48 1 0
w -176 48 -448 48 0
w -448 48 -448 256 0
w -448 256 -448 352 0
w -448 352 -448 368 0
w -448 368 112 368 0
w 256 368 112 368 0
w 576 368 496 368 0
w 496 368 496 336 0
w 496 336 480 336 0
w 544 352 544 320 0
178 912 -32 1040 -32 0 1 0.2 0.12789596342736867 0.05 1000000 0.02 20
R 832 0 736 0 0 0 40 2 0 0 0.5
g 912 112 912 176 0
t 864 64 912 64 0 1 -1.7210403656087694 0.721040365828319 100
w 912 80 912 112 0
w 912 48 912 16 0
r 864 64 864 0 0 1000
w 864 0 832 0 0
w 912 0 896 0 0
w 896 0 848 -32 0
R 848 -32 784 -32 0 0 40 5 0 0 0.5
w 576 144 496 144 0
w 496 144 496 112 0
w 496 112 480 112 0
w 544 48 544 128 0
o 44 64 0 4099 5 0.025 0 2 44 3
o 42 64 0 4099 5 0.025 1 2 42 3
o 63 64 0 4099 5 0.4 2 2 63 3
